|0   0 0 0 0 0 0   0 0   0 0 0 0 |0 0 0 0   0 0   0 0 0   0 0 0 0 |

|0 0   0 0   0 0 0 0 0 0 0 0   0 |0   0 0 0   0 0 0 0 0 0   0 0   |

|0 0 0 0 0 0 0 0   0 0   0 0 0   |0 0 0 0 0 0   0 0   0 0 0 0 0 0 |

|0 0   0 0   0 0 |

(1 6 2 8 2 3 6 2 8 2 3 6 2 8 2 3 6 2 8 2 2)

|0 0 0 0 0 0 0 --------0 0 0 0 0 |0 0 --------0 0 0 0 0 0 0 ------|
|--0 0 0 0 0 0 0 0 0 0 0 0 0 0 --------0 |0 0 0 0 0 0 --------0 0 0 0 0 0 |
|0 --------0 0 0 0 0 0 0 |
x2
|--------3       --------|
|0 0 0 0 --------3       |

|--------------------------------|--------------------------------|
|--------------------------------|--------------------------------|
|--------------------------------|--------------------------------|
|--------------------------------|--------------------------------|
|--------------------------------|--------------------------------|
|--------------------------------|--------------------------------|


